23 21
0 0 2412 7350 0 4653 758 1282 4508 3947 6173 0 9715 8142 1515 8414 8735 9802 5965 6659 7702
4978 2293 4555 7871 6892 3345 3710 5472 933 600 3337 8865 5100 5346 2170 0 4160 2597 0 2558 5059
3236 6708 8470 5804 3189 5756 2746 3687 0 6045 2657 0 0 9436 8362 0 769 2555 7792 7954 0
773 5665 2458 0 0 9896 4576 9432 6071 8068 3915 6856 4209 6586 1055 190 5334 8041 2154 7207 8610
1900 7070 4441 8718 5658 9976 6663 5772 6417 3118 8161 4572 0 3738 3663 2320 8735 1863 985 5794 7668
479 2099 2964 0 9782 5732 3918 8170 1052 4032 1212 6621 683 8732 6503 360 0 7548 2422 3404 7305
267 9799 431 0 9319 0 7542 7160 7726 0 418 270 3322 5333 6419 4783 0 668 2417 5805 4662
0 2889 3730 9138 4673 57 1377 2871 0 5215 1782 7867 0 8531 637 3775 0 2231 571 7417 0
0 2187 519 8736 4166 3211 6514 7441 4731 0 2701 2947 7824 2729 8206 5943 0 9389 627 9197 0
3363 4990 0 9974 1737 6879 1432 1617 5023 4654 0 1586 7205 8876 9495 1318 7574 9695 4426 9548 1771
0 441 0 9065 4739 0 0 0 0 4786 0 677 264 0 0 8068 2837 7592 4206 1653 8737
9202 0 7848 3497 0 3297 7299 822 467 5481 1235 8097 1190 0 0 8919 0 4671 1103 6892 0
388 0 0 4174 5021 0 5484 0 7425 5205 9420 8221 5808 7024 5837 0 5971 4766 0 8883 0
3056 9776 3549 5152 9696 410 9924 7464 3646 4344 0 7105 7899 0 3757 7824 0 879 8340 1889 0
0 0 8599 6565 0 0 5842 2658 7335 0 1516 0 457 0 8277 0 6167 5793 9514 4221 739
1113 1340 0 0 9442 1389 5126 5303 6739 5023 1048 6067 8954 6320 0 7553 3024 7221 8719 5672 7130
4296 5817 3236 3731 4555 4062 8406 0 7276 7326 2155 0 9533 2901 0 5585 5471 5453 2091 0 1623
6665 5526 2052 9004 8219 8233 2772 3346 0 0 555 0 0 164 4176 1231 4225 2787 9019 8622 6267
8989 1231 0 1015 2620 9267 0 6944 2589 3851 7678 392 7922 0 0 5509 9050 0 5054 1304 0
2314 5160 0 8045 2444 0 6559 2860 5705 3151 3432 1610 5397 7723 5709 0 2011 2067 2722 6725 0
0 7544 2739 3142 892 7133 0 7093 2780 806 7955 5520 5533 9771 0 4473 3575 6672 5953 6301 3392
0 524 9314 5877 0 3695 2084 5122 2748 6574 3996 4024 3728 8680 7113 5781 9181 5052 0 9676 9668
0 6287 8704 9700 9602 0 0 0 3031 8053 3871 4862 524 2059 0 3981 1133 65 283 4846 7750
14 13