34 31
0 0 2412 7350 0 4653 758 1282 4508 3947 6173 0 9715 8142 1515 8414 8735 9802 5965 6659 7702 4978 2293 4555 7871 6892 3345 3710 5472 933 600
3337 8865 5100 5346 2170 0 4160 2597 0 2558 5059 3236 6708 8470 5804 3189 5756 2746 3687 0 6045 2657 0 0 9436 8362 0 769 2555 7792 7954
0 773 5665 2458 0 0 9896 4576 9432 6071 8068 3915 6856 4209 6586 1055 190 5334 8041 2154 7207 8610 1900 7070 4441 8718 5658 9976 6663 5772 6417
3118 8161 4572 0 3738 3663 2320 8735 1863 985 5794 7668 479 2099 2964 0 9782 5732 3918 8170 1052 4032 1212 6621 683 8732 6503 360 0 7548 2422
3404 7305 267 9799 431 0 9319 0 7542 7160 7726 0 418 270 3322 5333 6419 4783 0 668 2417 5805 4662 0 2889 3730 9138 4673 57 1377 2871
0 5215 1782 7867 0 8531 637 3775 0 2231 571 7417 0 0 2187 519 8736 4166 3211 6514 7441 4731 0 2701 2947 7824 2729 8206 5943 0 9389
627 9197 0 3363 4990 0 9974 1737 6879 1432 1617 5023 4654 0 1586 7205 8876 9495 1318 7574 9695 4426 9548 1771 0 441 0 9065 4739 0 0
0 0 4786 0 677 264 0 0 8068 2837 7592 4206 1653 8737 9202 0 7848 3497 0 3297 7299 822 467 5481 1235 8097 1190 0 0 8919 0
4671 1103 6892 0 388 0 0 4174 5021 0 5484 0 7425 5205 9420 8221 5808 7024 5837 0 5971 4766 0 8883 0 3056 9776 3549 5152 9696 410
9924 7464 3646 4344 0 7105 437 0 3757 7824 0 879 8340 1889 0 0 0 8599 6565 0 0 5842 2658 7335 0 1516 0 457 0 8277 0
6167 5793 9514 4221 739 1113 1340 0 0 9442 1389 5126 5303 6739 5023 1048 6067 8954 6320 0 7553 3024 7221 8719 5672 7130 4296 5817 3236 3731 4555
4062 8406 0 7276 7326 2155 0 9533 2901 0 5585 5471 5453 2091 0 1623 6665 5526 2052 9004 8219 8233 2772 3346 0 0 555 0 0 164 4176
1231 4225 2787 9019 8622 6267 8989 1231 0 1015 2620 9267 0 6944 2589 3851 7678 392 7922 0 0 5509 9050 0 5054 1304 0 2314 5160 0 8045
2444 0 6559 2860 5705 3151 3432 1610 5397 7723 5709 0 2011 2067 2722 6725 0 0 7544 2739 3142 892 7133 0 7093 2780 806 7955 5520 5533 9771
0 4473 3575 6672 5953 6301 3392 0 524 9314 5877 0 3695 2084 5122 2748 6574 3996 4024 3728 8680 7113 5781 9181 5052 0 9676 9668 0 6287 8704
9700 9602 0 0 0 3031 8053 3871 4862 524 2059 0 3981 1133 65 283 4846 7750 1477 7829 4977 6494 4238 0 8977 9893 8490 2314 5927 0 4717
3020 9108 8005 6433 8237 2944 446 3376 691 671 4313 2308 6504 9198 3320 1971 5921 1212 4947 0 199 0 423 6818 1049 8211 1322 0 0 5794 2886
5641 2934 2537 0 3744 643 204 297 8268 7385 7707 0 6434 6818 875 2803 8643 0 1576 0 7437 261 0 8652 0 8944 9537 2390 7341 2909 4524
7153 3378 0 2020 0 607 2630 0 2886 8697 6711 7493 6519 4102 0 8387 5252 8799 5315 9367 1207 1617 8307 6859 1156 2280 2859 0 0 0 1335
0 5797 0 8061 8773 3334 6842 6178 449 964 8869 2853 0 9565 108 6468 0 9162 7913 7796 8262 0 0 8556 427 0 7883 7930 5611 9445 335
2524 9794 3328 5164 0 2423 2810 6551 9286 570 6850 7590 5466 0 4950 868 6666 2729 3417 8368 8239 0 4194 1677 1279 9873 7681 9376 4342 6467 3818
5446 0 2860 7243 5928 4848 7827 5371 0 0 7110 2998 7196 0 9477 4209 0 5038 1097 4877 4006 0 0 1757 4094 4935 2430 0 0 5991 0
0 0 0 0 7407 6661 0 754 6295 8097 4757 228 0 1333 9356 0 5832 2079 9994 6047 3487 754 9392 1740 4967 5767 5341 5406 8071 3909 2170
0 0 6127 0 3136 6904 1920 7228 6043 7254 5996 8962 0 0 8487 1582 0 0 0 9856 2507 303 9114 4296 651 2820 6985 3417 3872 0 9937
0 5439 0 6735 8018 5587 0 1568 12179 4548 3285 6371 1358 0 1786 4859 9687 1883 233 595 2211 5218 1143 6372 4125 8515 0 724 4488 0 0
0 3847 0 3534 8302 9379 490 0 0 2602 4264 2194 9709 3761 4642 9203 585 8627 6346 4889 8105 9770 0 0 0 8980 4481 7641 0 0 6790
3659 1915 2265 2746 0 8224 2648 7996 6298 9275 0 1158 8413 5057 2714 2967 0 6621 0 0 4821 4512 6998 7700 2859 1437 0 712 0 0 0
3919 6782 7219 6961 2173 6290 2363 734 4717 3632 1400 2139 9667 555 8112 8835 6920 0 4139 7014 7653 1173 0 6306 0 8034 7477 5974 6611 0 6232
4766 8778 402 6228 6848 451 6377 0 8467 3232 1865 5865 2753 4343 4666 2607 6760 6823 4359 3599 3395 2271 0 323 4178 2290 4227 5356 3314 0 6701
3927 6911 281 8052 7292 6456 7996 2818 6057 7880 4161 2645 2726 5047 9175 2807 8063 798 0 0 9986 4523 2461 9191 6220 4161 681 8481 54 7579 5143
3856 6865 0 7658 3191 1286 8036 4439 3928 3785 7897 3878 0 4210 1594 5387 5552 1693 2199 7085 3581 4775 8634 9992 0 3732 3650 0 7523 0 8745
6851 4556 112 9299 0 0 6620 0 0 8279 0 0 2846 2267 9041 2228 450 6188 0 55 7813 873 9943 5648 7022 6928 4446 1134 9636 8523 6247
2464 8907 0 0 0 426 1651 3758 8025 9939 8194 8611 7563 7589 5040 9357 8053 7734 6725 2613 2151 4722 4100 8088 9646 3807 4131 0 8706 8899 9868
1885 8758 0 999 5216 5270 6636 8170 5477 6882 1299 6989 0 0 1147 4214 1829 0 6967 0 3870 5697 2304 0 5952 8640 7470 7592 3207 6592 2419
25 9