1002
0 -3589 467
0 9700 600
147 -1753 -388
137 -3301 177
116 5245 -187
147 -1959 -294
148 1216 -345
160 -3338 -236
167 -2179 -374
143 -4036 -341
153 -9753 73
125 1254 -43
148 2902 -440
183 -2181 -424
140 3895 178
154 4805 -353
183 5895 -216
143 7297 94
173 -5852 -97
148 -2027 -73
172 -5473 289
193 -1246 229
179 1486 295
110 8978 -467
194 348 -272
120 -5217 -192
109 3573 214
200 9077 368
147 -3950 -96
160 -2575 -257
102 -6620 -69
108 -9672 -286
159 -4282 4
152 -1034 425
121 -9439 -130
166 6798 -473
154 -7474 116
167 -6627 -465
159 4656 54
106 -7895 396
146 -1172 -112
182 -908 -181
143 6320 -39
167 7553 -88
108 4561 318
194 2671 201
160 1374 258
136 -7743 265
193 -7676 479
192 2502 351
175 7029 -44
144 9215 -42
162 -4571 221
175 6666 -487
142 4084 423
191 -3552 228
190 9313 -66
101 3181 150
173 9772 195
139 1461 -244
113 -6104 -315
199 -2678 89
153 -5072 -430
116 -2984 -362
143 -696 272
125 4901 -219
123 3470 421
143 -8373 -483
115 -4967 -462
130 -4179 -447
194 2324 -129
124 -8230 145
192 8129 -335
185 -9254 -156
116 -4740 -391
150 8010 -326
151 -8076 -215
186 776 -203
128 -4648 -242
104 -2614 -178
171 -6481 36
189 4939 333
149 3361 -129
156 -3029 103
116 5157 167
191 -5396 225
159 7600 101
107 287 -108
137 -4415 262
173 -8839 -356
191 1623 153
113 3070 -139
145 -4940 -386
114 791 204
191 -9617 48
122 4305 286
134 -9088 -185
160 -8855 357
168 2323 411
141 2581 -36
126 5777 285
142 6084 143
142 3475 219
118 1692 79
196 6373 163
158 -8393 -188
138 -6175 197
155 847 260
121 5810 -87
199 7030 241
120 9906 -336
157 539 -351
200 -8777 257
131 -8162 427
108 2954 336
161 -5438 -281
131 788 479
198 -462 -318
113 -1093 -97
136 -2195 392
149 9448 464
197 9589 139
122 3369 337
111 -6388 -295
128 -2991 140
186 4226 241
154 -9355 -135
175 -2648 16
119 -7843 446
126 -134 297
179 4268 -212
134 -5831 -284
124 -9147 -379
124 -2384 311
111 4457 -201
176 -8113 -124
160 -7782 -76
105 4492 -422
132 7972 -450
158 150 -433
141 -4224 133
139 -1812 -63
143 2050 -192
140 -5117 -144
175 -9004 -497
142 -269 239
136 6100 370
181 -4892 -76
137 -9683 -316
159 -7781 366
181 -4036 -84
130 -7670 98
190 -1644 208
197 9179 -165
133 4662 -393
194 -2448 -36
149 3994 -312
129 -4024 -157
119 5585 -196
160 9991 62
161 5853 -482
169 239 -32
188 -1145 84
116 423 -193
144 -5045 42
161 9493 -345
173 9974 393
119 -1065 -254
178 -9828 452
180 -850 -203
154 3176 -223
129 -5567 -56
122 6897 -324
179 2290 475
184 2507 -389
145 5880 33
146 2521 -103
137 -6878 282
130 -8330 -447
165 6791 37
119 9788 53
154 -4456 8
148 8817 -124
170 -414 -34
126 3296 52
170 1584 405
104 4782 371
139 3814 -133
157 -7226 10
173 -7287 439
184 3803 -66
197 7162 68
173 4306 -128
159 5836 -497
124 -3287 417
102 1022 214
187 -975 255
112 -6635 14
117 7367 -5
158 5743 -215
124 -3330 204
127 5075 135
148 2168 411
106 2109 -95
107 2199 352
127 -1566 304
106 1589 294
190 6694 272
162 -6957 -140
178 7708 424
145 3758 489
188 -8614 -464
191 4702 -137
200 -2327 -234
198 9698 -113
176 -186 383
120 1120 242
198 3390 450
107 -4365 -367
104 3687 -44
167 -3528 -470
110 2088 -126
120 177 -465
173 -8895 -475
120 -2679 -175
152 8089 167
188 4955 383
133 660 13
102 -8311 142
105 3557 -272
139 2754 -379
153 7777 -98
170 -7246 483
121 5285 -278
112 -3290 -160
110 -32 289
151 7743 -470
110 -554 81
142 1544 296
166 -2212 -262
104 2304 182
132 8549 -96
177 1444 -27
117 5969 -128
195 -1307 -216
141 2704 -162
122 -6873 173
120 4842 315
195 -9523 -122
179 -2951 -288
178 -2124 -35
103 5169 -356
128 -6237 21
158 5343 -378
177 -4387 200
184 -7731 119
114 -2098 312
125 9434 -270
157 3353 59
109 8268 297
183 -6042 -436
179 2859 475
189 5900 -364
191 -1470 -180
186 9679 351
183 1683 -450
145 -5562 -211
156 7772 -158
103 5067 454
114 8521 12
168 -2769 -99
156 -3584 -249
103 -8761 78
140 2407 133
124 -9041 -410
145 -9950 174
198 -7201 384
194 4470 326
181 -7521 297
100 -8469 -412
129 6422 64
121 7916 150
154 8833 -443
118 -3974 -263
192 -3417 30
133 -3902 -217
164 7599 137
139 -202 -171
177 -2901 -444
107 6868 -154
111 1964 445
128 -9426 -98
179 -2259 388
123 905 80
112 -7186 -237
135 51 350
123 -8937 266
146 6276 -251
161 -6157 -232
142 -4049 -424
124 1200 -307
178 -6056 123
115 8568 349
175 29 189
138 9781 -472
106 1344 151
149 5579 303
124 -4842 -319
194 -6905 -211
111 -7812 190
122 2385 -330
116 689 391
196 -2380 392
131 3894 366
182 -5991 112
125 -8217 68
107 3552 354
169 -2926 -459
111 -3028 -394
195 5122 264
166 7201 -443
113 -5707 235
118 1701 44
113 5971 -176
179 6531 36
108 -9466 0
197 1283 -343
146 -8352 -481
173 1530 -131
182 -1412 -169
109 -7685 350
101 -1925 -49
155 -6023 316
131 492 10
146 -1357 -42
154 1576 -401
188 5050 -364
124 -1011 -191
161 558 334
171 9009 -13
193 -1750 -178
116 -8501 296
169 -4000 91
200 6220 -470
116 -2546 421
129 -5029 132
150 -5721 -94
162 5089 -500
158 1767 -418
101 592 -419
117 8090 -421
158 3831 372
141 -4941 84
160 -599 372
115 -1448 -24
132 5186 -319
104 4110 -281
174 7676 72
163 860 328
200 874 -357
177 -4561 -442
125 -4949 -238
168 9066 75
192 1416 -198
160 6611 417
136 2275 355
127 -562 -186
168 5521 387
190 -7304 39
186 522 -171
152 -3598 -66
199 4088 483
193 -719 489
105 5922 -58
114 -297 -24
156 5755 -430
180 8327 -208
186 5901 172
145 -2112 19
123 -9344 304
190 891 -67
150 8320 95
182 -4479 -10
109 7996 -21
138 -6729 472
151 -2078 457
158 -6723 95
155 -3185 -279
193 3439 40
185 -5913 -344
151 359 -459
137 -7163 -160
134 -151 -87
149 -2290 -338
177 -3646 -437
126 -5317 66
162 7074 180
134 7731 -287
175 -5745 -219
125 -186 464
133 1446 229
101 44 -463
102 -12 -32
131 -1142 346
108 3511 -416
154 -9820 -321
156 4978 -471
147 -5613 398
165 34 301
161 -7505 491
166 6997 -256
142 5457 -356
100 -7751 203
112 2420 -365
155 -4185 -24
156 5644 -304
126 -7431 83
155 8618 -132
179 8334 -143
197 4080 -139
127 -7111 487
200 -3380 -39
152 -5024 -31
184 8030 217
195 -2639 170
133 -67 -114
193 1172 -497
171 -9907 97
174 8301 40
186 4253 396
178 6932 -432
177 7161 286
155 -2462 467
138 -8822 191
178 -9569 -107
126 5476 128
185 1502 314
163 9757 147
143 -7354 406
188 323 -443
188 4181 -175
133 -3351 -418
100 -7890 418
199 2278 -356
178 6231 454
117 6348 -390
189 -5345 -479
136 -882 -265
183 2906 486
187 4936 -322
196 306 -360
174 -8310 -57
150 -3110 268
162 -9306 48
158 1320 -136
148 6740 -107
107 -6811 177
181 9832 -294
161 -273 -390
184 543 70
131 -2570 -224
174 -8657 -262
141 -8966 335
195 3638 446
121 -7962 18
120 -4624 159
150 -9847 309
199 4030 -24
160 8789 -371
122 -1493 219
189 -1201 23
165 8914 464
172 -1543 232
199 -8697 497
117 3716 -38
163 1362 -322
154 8461 -99
185 9738 -278
157 7267 445
174 9666 -325
139 -9444 450
115 -1984 -152
181 2449 325
166 -8001 -109
134 -2086 -162
130 -6522 449
120 5703 -80
133 -456 273
125 6111 326
111 7936 -4
120 4480 -231
188 -9479 277
183 -1463 -206
100 7711 241
168 4710 -14
184 2687 411
102 418 136
124 -9680 11
112 6525 -495
173 -5021 266
156 -9095 -67
137 7259 412
196 -8168 307
133 -2427 268
192 -4814 30
180 6143 -189
169 -2513 75
153 3432 294
197 3600 -358
174 4376 -158
163 7891 -403
181 7583 32
124 7810 -199
151 6477 191
151 7511 256
153 -7504 -11
170 -7158 -436
153 -7380 392
196 7405 404
138 8737 -343
119 -1075 -309
155 -4059 491
181 -7597 -88
126 -6650 381
144 550 -51
128 7743 -64
180 -199 175
182 221 173
110 2748 48
199 8734 167
195 -3821 -487
177 4449 -280
139 4753 328
161 -9361 -149
123 -9879 -451
117 -8247 -91
134 8558 447
197 -5166 -345
134 -3737 -370
124 -4217 73
200 -6575 -481
130 4015 -313
165 -7843 -266
122 7492 -364
102 -6492 -200
116 -7857 6
174 3285 -143
145 6561 318
105 3045 27
161 4627 -354
164 -3222 -7
195 -4113 -309
109 4577 -206
187 9835 -14
164 8247 -336
182 1105 305
174 -1524 -431
194 1059 -479
147 -6245 -156
115 -3383 314
186 1078 -176
180 -1506 -99
140 4353 265
191 1824 -111
128 2877 346
197 807 382
146 -7284 -422
172 8847 -52
123 -9242 10
171 179 412
136 -8953 33
103 -6797 -131
161 -3810 286
109 8421 -490
129 -6137 183
195 -760 55
152 5402 -205
119 139 -215
149 -6565 332
142 -9523 464
130 7429 -478
165 4347 -191
167 -9047 215
103 -8565 425
152 3984 103
105 -3453 361
119 -6311 193
122 -3846 227
103 8166 368
143 8885 278
142 5844 -75
184 -6938 256
159 5429 -187
108 7685 -142
182 7246 -25
152 2875 -56
151 8038 368
164 4611 -449
121 54 -13
169 6441 -340
190 7687 337
128 -5440 146
146 2907 16
102 9332 -171
150 7397 -269
153 -7327 472
184 -278 327
130 9388 238
184 8554 110
139 -1802 -130
173 3039 -291
189 -8837 -324
133 1320 187
166 3264 -451
175 9379 -423
108 5188 -206
184 -5675 140
134 6908 43
178 -2678 -350
177 -3587 463
133 -6675 392
156 -6618 263
158 -6046 -310
135 4319 113
156 -7665 -155
142 -77 -86
150 4261 42
180 6862 -277
175 6402 -50
171 -3422 -167
115 -9496 -421
100 5968 -261
200 -3237 166
194 9660 468
141 -6345 111
131 4995 -265
107 1031 4
112 -6080 394
156 5608 241
109 -3108 -228
189 7478 105
111 7997 458
119 1418 191
161 2715 -495
135 2123 -58
163 -5975 -252
133 -9318 -419
111 -9604 251
146 -1295 -155
149 8671 432
155 -8697 -497
168 3390 -241
152 -8429 -318
145 8586 -47
171 -4851 -134
190 -3222 91
114 -1058 330
136 -1928 -382
105 -4214 -479
190 -4262 483
186 -2605 -476
133 755 -18
111 -9841 -223
128 3132 -161
127 3221 410
155 -2853 188
155 1034 -144
171 6163 -40
118 -1547 -273
184 1762 446
173 -8825 -152
186 5482 -106
190 8023 -105
147 9613 380
171 3569 28
163 8463 402
115 1362 -76
118 -1718 385
151 1489 82
151 8076 25
145 -7499 -41
199 745 -370
102 1570 240
140 9616 -441
181 -8858 -436
187 2601 30
152 459 -145
183 -7707 6
122 -174 445
141 -8928 -239
103 -8964 -304
185 9085 -56
174 -7523 -392
190 -7553 369
191 7018 -133
187 7257 -298
101 7390 -141
168 3353 -196
174 -5967 -244
142 5747 -260
115 -8887 -125
154 7428 -450
162 -6426 65
186 -321 433
116 5131 456
110 2999 179
103 -2879 -89
166 -70 168
121 288 -38
168 4017 -412
182 -347 -309
198 -4647 469
138 9370 252
191 2710 -457
118 1358 -105
184 7637 -431
172 3927 -500
142 -3673 -36
141 -1193 307
157 8518 184
125 9055 156
161 7264 458
189 1958 -453
114 2963 -142
102 288 219
177 -3641 -412
158 5154 3
171 7901 -109
106 -9574 -486
155 -4490 -106
161 -7088 98
192 -5946 318
181 4271 90
138 1188 -217
181 -3970 241
131 1547 182
153 8613 -408
109 3820 -164
169 2096 16
126 5139 -364
137 3795 -408
111 -6334 -178
122 8324 -352
127 2313 -488
192 -2276 -169
165 -2347 4
150 1583 347
173 3946 -383
149 -7329 -475
111 -1963 -246
155 -906 298
181 2105 -307
148 9924 418
127 -9262 -1
155 8019 42
132 -120 151
125 -6295 229
164 5564 185
146 8358 -286
192 2499 -489
103 8845 -391
137 -4742 -327
151 5927 302
157 1380 219
178 -5803 458
105 1071 104
124 7430 210
134 -5549 188
109 -985 362
164 8366 -308
174 5377 -312
122 57 47
176 -176 360
164 -3848 -468
147 9512 478
100 2770 -292
163 1149 57
195 -2687 -9
133 3842 -493
138 -9321 -267
184 -3973 -382
113 2692 -299
157 3704 -222
172 -2605 -284
178 -3454 209
114 7974 -5
171 1949 -145
123 -3671 -253
137 7829 -147
200 1840 19
180 -8973 -43
130 -7241 115
123 7250 -160
170 1996 -409
105 -4083 307
105 675 337
162 2494 104
172 7380 287
115 -706 173
181 671 255
158 -9625 -416
192 -3137 -453
162 -7750 -291
133 -2299 429
109 -1967 -143
172 8638 412
158 9776 269
197 -3573 -306
112 -4737 203
178 -7642 -211
132 6889 -127
124 -93 389
139 -8061 -392
127 6666 -296
158 -3311 29
199 -9951 425
157 -5473 376
100 3351 -357
172 3443 -447
164 -582 497
133 -4716 -187
168 -7161 267
148 3241 -225
132 -6123 -165
160 -4928 -168
137 4811 64
133 3083 -26
121 -5528 478
160 -8783 -370
133 -732 -385
157 366 242
167 6179 255
122 3567 248
174 -5021 377
112 6692 -381
149 6960 -239
132 -1084 447
158 3825 -41
128 1052 283
164 7512 -25
178 4038 22
185 3983 409
169 4193 497
199 684 211
167 -1516 -13
156 -1080 236
121 -1545 348
197 -2878 -472
147 8152 14
177 328 -205
185 7547 14
147 -1226 462
140 -6117 -394
161 -6791 72
179 1408 8
196 -4002 13
112 2736 110
159 -9484 -336
143 -3816 -112
164 -378 -279
154 -9577 75
182 -2504 286
175 -4509 -332
126 3261 -1
156 -9035 -63
181 3800 -280
149 6792 311
153 2374 -391
180 6654 406
119 -8909 53
111 -8191 59
167 2558 164
179 4688 -433
186 7860 49
161 1197 183
114 0 -143
147 3436 382
173 8868 -106
117 3809 205
155 9487 -338
126 5484 0
167 644 -81
126 -3475 -345
138 5387 36
123 7845 -332
150 2187 -315
128 -7705 221
167 175 161
191 -1659 -370
167 -6075 193
131 -2382 60
181 2389 438
105 -1605 385
154 -8358 -284
109 -3917 -321
154 7682 16
122 -7220 60
158 -8169 -325
110 8106 486
117 998 96
150 -2722 386
185 7733 -427
106 1317 -216
194 5083 37
131 -5370 416
106 -9173 431
149 7936 124
183 -7507 -346
174 5906 60
159 -2248 349
125 8725 -35
154 5010 354
105 -228 82
184 -2695 417
159 -9086 -14
153 5836 -152
116 173 -383
189 -7401 -292
139 -2348 40
104 5274 -153
102 -5796 273
198 6960 221
154 -9500 185
181 1905 -32
166 4002 360
145 6251 -382
158 -9916 7
161 -8851 247
116 -7906 -254
184 3039 303
100 -3254 -190
159 9145 -65
167 -8837 311
146 -2966 224
126 -1499 288
163 -5031 27
134 3542 441
105 500 406
179 636 -224
170 -1192 -354
171 2241 462
166 1752 -2
148 6698 -27
159 -1371 -68
105 -5830 -360
148 -2454 -440
195 8624 -7
122 -4739 423
193 -7409 -108
123 6608 -88
130 -4143 -18
186 2851 -452
174 2491 237
197 5498 -106
174 6613 66
172 9664 -83
109 3337 243
124 7555 -289
121 -8113 -436
157 368 101
152 -8675 -127
165 -8802 -119
186 5747 -176
150 7252 200
188 8718 -195
169 610 -344
165 9585 84
155 -5716 346
189 6947 441
152 -4317 81
169 -4156 396
179 -2525 -176
139 -9155 -155
168 9236 -198
105 -8448 -372
130 -553 -31
158 2111 283
149 -4670 -184
161 -383 -378
122 617 339
132 -1435 -276
133 -4355 -217
112 8359 76
117 2361 329
195 -4695 48
112 -6168 134
161 -5600 373
120 -9636 277
155 2902 -289
190 4224 -355
137 -8804 93
121 2226 -292
147 -940 -389
130 2520 -273
121 1981 281
136 -5233 -357
117 -1744 -426
190 9050 -287
159 3131 -228
101 -9239 -427
122 2640 343
150 2335 -352